0 0.514749 0.470948 0.100295 0.129615
0 0.688053 0.279878 0.098820 0.172075
0 0.835546 0.358094 0.072271 0.096094
0 0.948378 0.234066 0.070796 0.151962
0 0.344395 0.279878 0.101770 0.136319
0 0.454277 0.203897 0.082596 0.154197
0 0.545723 0.188254 0.079646 0.158666
0 0.199115 0.243005 0.085546 0.129615
0 0.071534 0.345803 0.063422 0.143023
0 0.110619 0.170376 0.067847 0.136319
0 0.202802 0.086574 0.104720 0.111737
0 0.357670 0.076517 0.089971 0.105033
0 0.611357 0.082104 0.045723 0.089389
0 0.691740 0.108921 0.064897 0.080451