1 0.134956 0.694339 0.051622 0.111992
1 0.224189 0.671282 0.041298 0.109796
1 0.457227 0.707514 0.100295 0.111992
1 0.678466 0.636147 0.109145 0.101012
1 0.865044 0.647127 0.033923 0.149323
1 0.942478 0.688849 0.038348 0.101012
1 0.789086 0.482433 0.070796 0.092229
1 0.553835 0.493412 0.072271 0.065878
1 0.426254 0.498902 0.091445 0.116384
1 0.324484 0.557094 0.067847 0.127363
1 0.155605 0.543918 0.087021 0.114188
1 0.067847 0.565878 0.076696 0.083445
1 0.043510 0.700927 0.045723 0.111992
1 0.171091 0.398988 0.058997 0.052702
1 0.086283 0.458278 0.030973 0.061486
1 0.383481 0.394596 0.029499 0.048310